0001 000010011 000010035 000010053 000010063 000010069 000010075 000010089 000010095 000010106 000010113 000010115 000010121 000010122 000010133 000010135 000010140 000010145 000010149 000010168 000010173
0005 000050003 000050010 000050024 000050028 000050038 000050040 000050047 000050049 000050055 000050078 000050079 000050083 000050095 000050099 000050100 000050114 000050118 000050122 000050174 000050175
0006 000060015 000060020 000060029 000060031 000060049 000060056 000060077 000060081 000060082 000060083 000060094 000060102 000060106 000060111 000060113 000060116 000060124 000060130 000060136 000060153
0026 000260001 000260011 000260015 000260032 000260033 000260039 000260048 000260050 000260052 000260069 000260075 000260091 000260095 000260096 000260112 000260115 000260121 000260126 000260133 000260166
0036 000360013 000360034 000360036 000360132 000360133 000360161 000360190 000360210 000360223 000360241 000360264 000360283 000360313 000360314 000360332 000360334 000360339 000360343 000360360 000360378
0048 000480010 000480014 000480015 000480016 000480019 000480023 000480033 000480045 000480068 000480081 000480089 000480090 000480108 000480119 000480125 000480134 000480136 000480151 000480158 000480159
0053 000530003 000530006 000530019 000530027 000530030 000530037 000530054 000530055 000530060 000530063 000530076 000530077 000530094 000530109 000530112 000530115 000530145 000530154 000530163 000530174
0054 000540001 000540004 000540014 000540018 000540031 000540054 000540055 000540058 000540062 000540072 000540077 000540088 000540106 000540111 000540117 000540123 000540127 000540130 000540156 000540163
0056 000560016 000560017 000560026 000560030 000560033 000560038 000560058 000560068 000560074 000560075 000560084 000560086 000560088 000560116 000560117 000560134 000560154 000560159 000560162 000560172
0070 000700008 000700010 000700012 000700015 000700019 000700034 000700037 000700046 000700048 000700053 000700063 000700065 000700082 000700109 000700120 000700123 000700130 000700151 000700156 000700174
0075 000750005 000750015 000750020 000750024 000750026 000750029 000750045 000750068 000750080 000750082 000750085 000750091 000750101 000750106 000750108 000750123 000750128 000750134 000750140 000750149
0103 001030008 001030013 001030032 001030048 001030053 001030054 001030060 001030061 001030065 001030077 001030078 001030090 001030099 001030102 001030103 001030121 001030136 001030143 001030144 001030155
0104 001040022 001040026 001040038 001040050 001040062 001040067 001040069 001040071 001040073 001040100 001040104 001040106 001040108 001040115 001040120 001040122 001040134 001040136 001040149 001040173
0131 001310020 001310022 001310023 001310061 001310062 001310076 001310078 001310081 001310096 001310122 001310123 001310129 001310144 001310148 001310152 001310154 001310155 001310162 001310165 001310168
0135 001350002 001350091 001350119 001350124 001350134 001350163 001350174 001350180 001350194 001350216 001350219 001350243 001350285 001350312 001350317 001350318 001350343 001350350 001350356 001350375
0145 001450037 001450043 001450049 001450051 001450063 001450070 001450083 001450090 001450094 001450098 001450109 001450116 001450140 001450142 001450146 001450159 001450170 001450171 001450172 001450173
0482 004820005 004820015 004820041 004820045 004820055 004820114 004820119 004820144 004820201 004820214 004820220 004820239 004820258 004820265 004820268 004820329 004820353 004820370 004820371 004820378
0560 005600015 005600060 005600065 005600129 005600145 005600146 005600153 005600154 005600180 005600199 005600205 005600212 005600214 005600268 005600294 005600296 005600298 005600318 005600365 005600370
0575 005750059 005750067 005750089 005750099 005750150 005750168 005750178 005750179 005750237 005750249 005750268 005750270 005750290 005750297 005750298 005750300 005750303 005750321 005750330 005750347
0594 005940019 005940025 005940141 005940142 005940164 005940174 005940193 005940195 005940234 005940237 005940238 005940252 005940263 005940267 005940271 005940283 005940304 005940318 005940373 005940380
0739 007390013 007390019 007390062 007390070 007390072 007390092 007390119 007390120 007390139 007390160 007390195 007390197 007390208 007390211 007390220 007390228 007390238 007390281 007390294 007390355
0813 008130061 008130081 008130091 008130100 008130153 008130196 008130222 008130233 008130257 008130271 008130281 008130282 008130283 008130288 008130301 008130339 008130340 008130346 008130356 008130380
0960 009600062 009600113 009600118 009600120 009600127 009600129 009600133 009600140 009600186 009600190 009600205 009600215 009600262 009600267 009600270 009600287 009600335 009600337 009600338 009600343
1012 010120008 010120059 010120071 010120128 010120148 010120166 010120180 010120193 010120200 010120208 010120212 010120219 010120243 010120255 010120265 010120269 010120303 010120334 010120335 010120374
1027 010270117 010270124 010270131 010270140 010270170 010270198 010270226 010270238 010270265 010270268 010270294 010270301 010270306 010270314 010270349 010270354 010270356 010270366 010270368 010270377
1029 010290003 010290066 010290094 010290096 010290123 010290152 010290179 010290189 010290229 010290236 010290252 010290260 010290276 010290287 010290294 010290320 010290330 010290341 010290361 010290362
1033 010330026 010330033 010330035 010330052 010330053 010330085 010330103 010330129 010330139 010330147 010330197 010330206 010330235 010330241 010330257 010330268 010330277 010330325 010330345 010330346
1042 010420022 010420023 010420025 010420034 010420040 010420047 010420059 010420060 010420064 010420102 010420105 010420107 010420129 010420133 010420134 010420143 010420151 010420157 010420167 010420175
1044 010440006 010440008 010440012 010440017 010440038 010440039 010440053 010440064 010440077 010440093 010440099 010440106 010440107 010440117 010440119 010440120 010440127 010440149 010440150 010440154
1064 010640005 010640017 010640028 010640034 010640036 010640056 010640082 010640098 010640166 010640210 010640212 010640242 010640250 010640277 010640280 010640284 010640286 010640297 010640314 010640366
1092 010920012 010920024 010920025 010920030 010920032 010920033 010920043 010920044 010920065 010920070 010920075 010920101 010920105 010920125 010920126 010920138 010920141 010920153 010920159 010920165
1197 011970004 011970006 011970019 011970023 011970036 011970042 011970075 011970081 011970087 011970088 011970092 011970095 011970107 011970132 011970141 011970142 011970145 011970165 011970173 011970175
1203 012030007 012030010 012030013 012030024 012030027 012030031 012030032 012030036 012030043 012030044 012030053 012030055 012030058 012030072 012030078 012030083 012030093 012030097 012030116 012030138
1260 012600017 012600072 012600082 012600129 012600131 012600177 012600186 012600210 012600219 012600224 012600251 012600252 012600263 012600281 012600295 012600330 012600338 012600345 012600357 012600368
1309 013090018 013090027 013090041 013090051 013090076 013090105 013090128 013090147 013090148 013090160 013090179 013090181 013090184 013090185 013090202 013090232 013090267 013090287 013090339 013090364
1336 013360001 013360002 013360016 013360082 013360123 013360130 013360140 013360145 013360146 013360161 013360162 013360171 013360226 013360234 013360235 013360257 013360263 013360268 013360360 013360363
1362 013620027 013620030 013620106 013620108 013620128 013620137 013620140 013620143 013620146 013620162 013620175 013620184 013620185 013620210 013620241 013620257 013620258 013620292 013620361 013620366
1372 013720023 013720051 013720070 013720082 013720140 013720152 013720153 013720167 013720182 013720189 013720198 013720199 013720201 013720215 013720233 013720256 013720274 013720275 013720311 013720360
1407 014070040 014070080 014070092 014070101 014070159 014070207 014070217 014070239 014070248 014070265 014070270 014070281 014070297 014070304 014070308 014070336 014070341 014070343 014070349 014070358
1418 014180002 014180008 014180011 014180013 014180044 014180051 014180063 014180077 014180084 014180088 014180100 014180131 014180139 014180143 014180150 014180155 014180158 014180160 014180165 014180166
1419 014190006 014190025 014190027 014190030 014190055 014190059 014190060 014190062 014190064 014190071 014190073 014190081 014190088 014190095 014190098 014190107 014190108 014190114 014190128 014190172
1435 014350004 014350012 014350016 014350017 014350018 014350020 014350022 014350028 014350085 014350094 014350103 014350110 014350127 014350133 014350146 014350153 014350157 014350158 014350163 014350165
1439 014390008 014390009 014390045 014390051 014390052 014390057 014390064 014390068 014390076 014390086 014390090 014390117 014390124 014390133 014390134 014390135 014390143 014390154 014390156 014390163
1447 014470007 014470017 014470026 014470028 014470031 014470038 014470039 014470048 014470053 014470060 014470063 014470072 014470084 014470100 014470109 014470124 014470140 014470141 014470149 014470150
2022 020220021 020220023 020220033 020220048 020220056 020220060 020220072 020220091 020220120 020220122 020220139 020220141 020220176 020220200 020220221 020220232 020220259 020220264 020220295 020220366
2034 020340016 020340019 020340029 020340043 020340055 020340056 020340063 020340065 020340071 020340096 020340098 020340109 020340113 020340124 020340140 020340144 020340156 020340162 020340166 020340169
2036 020360017 020360019 020360036 020360055 020360089 020360097 020360100 020360131 020360136 020360143 020360202 020360211 020360220 020360228 020360245 020360299 020360301 020360302 020360312 020360329
2059 020590022 020590026 020590047 020590077 020590103 020590121 020590122 020590123 020590144 020590151 020590164 020590181 020590228 020590265 020590274 020590276 020590290 020590322 020590359 020590376
2061 020610010 020610014 020610061 020610090 020610122 020610134 020610166 020610168 020610174 020610175 020610194 020610201 020610206 020610207 020610291 020610302 020610316 020610328 020610341 020610343
2089 020890003 020890037 020890112 020890134 020890156 020890165 020890206 020890207 020890215 020890219 020890259 020890260 020890267 020890274 020890306 020890313 020890326 020890340 020890346 020890371
2129 021290009 021290011 021290068 021290121 021290134 021290144 021290148 021290160 021290169 021290173 021290200 021290209 021290235 021290261 021290282 021290291 021290319 021290324 021290326 021290371
2168 021680007 021680016 021680048 021680052 021680122 021680154 021680169 021680190 021680237 021680246 021680249 021680251 021680266 021680288 021680297 021680318 021680332 021680369 021680379 021680380
2170 021700029 021700034 021700062 021700077 021700120 021700131 021700139 021700153 021700176 021700211 021700224 021700232 021700236 021700240 021700277 021700287 021700291 021700300 021700362 021700379
2179 021790008 021790025 021790030 021790035 021790039 021790040 021790043 021790055 021790075 021790081 021790083 021790084 021790108 021790112 021790125 021790149 021790152 021790168 021790169 021790173
2208 022080028 022080038 022080085 022080100 022080116 022080124 022080146 022080179 022080181 022080186 022080187 022080189 022080192 022080202 022080204 022080210 022080294 022080299 022080340 022080341
2236 022360092 022360126 022360147 022360159 022360185 022360186 022360221 022360222 022360227 022360231 022360253 022360259 022360262 022360265 022360293 022360310 022360311 022360321 022360326 022360350
2242 022420015 022420045 022420067 022420073 022420086 022420106 022420129 022420138 022420146 022420164 022420168 022420172 022420273 022420288 022420292 022420306 022420342 022420346 022420348 022420362
2244 022440038 022440039 022440062 022440073 022440126 022440134 022440139 022440144 022440165 022440180 022440189 022440215 022440277 022440286 022440312 022440337 022440340 022440352 022440361 022440362
2251 022510066 022510069 022510089 022510093 022510095 022510122 022510152 022510166 022510190 022510211 022510230 022510237 022510255 022510266 022510276 022510291 022510300 022510320 022510323 022510368
2282 022820020 022820021 022820026 022820042 022820062 022820072 022820079 022820106 022820107 022820121 022820134 022820142 022820155 022820191 022820197 022820281 022820291 022820293 022820317 022820357
2380 023800015 023800042 023800056 023800093 023800114 023800124 023800160 023800186 023800242 023800260 023800277 023800278 023800280 023800298 023800326 023800330 023800338 023800352 023800363 023800368
2402 024020047 024020051 024020053 024020069 024020084 024020142 024020158 024020175 024020176 024020205 024020233 024020238 024020253 024020256 024020260 024020265 024020291 024020321 024020328 024020337
2427 024270011 024270019 024270028 024270051 024270053 024270057 024270077 024270127 024270155 024270168 024270176 024270178 024270183 024270197 024270206 024270245 024270270 024270292 024270313 024270336
2430 024300001 024300052 024300061 024300063 024300065 024300068 024300080 024300082 024300093 024300099 024300118 024300131 024300132 024300135 024300189 024300221 024300270 024300330 024300345 024300360
2450 024500006 024500021 024500033 024500095 024500126 024500139 024500141 024500147 024500151 024500156 024500164 024500228 024500250 024500268 024500284 024500317 024500327 024500333 024500350 024500363
2621 026210005 026210047 026210096 026210123 026210132 026210135 026210136 026210141 026210157 026210177 026210185 026210203 026210213 026210220 026210231 026210242 026210262 026210287 026210299 026210302
2799 027990028 027990046 027990056 027990059 027990066 027990153 027990156 027990160 027990162 027990167 027990201 027990232 027990242 027990247 027990264 027990309 027990328 027990330 027990341 027990358
2981 029810020 029810027 029810135 029810139 029810147 029810158 029810200 029810204 029810216 029810221 029810234 029810235 029810243 029810283 029810294 029810301 029810315 029810349 029810350 029810360
3002 030020008 030020012 030020022 030020047 030020048 030020065 030020077 030020092 030020100 030020112 030020117 030020126 030020136 030020138 030020144 030020152 030020159 030020161 030020162 030020172
3020 030200005 030200011 030200016 030200018 030200019 030200021 030200037 030200041 030200049 030200057 030200076 030200078 030200087 030200101 030200105 030200108 030200137 030200151 030200153 030200164
3021 030210005 030210032 030210041 030210042 030210044 030210045 030210047 030210050 030210060 030210074 030210079 030210082 030210118 030210123 030210137 030210143 030210152 030210164 030210165 030210175
3023 030230003 030230018 030230056 030230060 030230086 030230092 030230119 030230170 030230182 030230194 030230209 030230253 030230260 030230276 030230280 030230311 030230330 030230336 030230340 030230374
3046 030460032 030460038 030460048 030460051 030460052 030460071 030460085 030460097 030460106 030460110 030460114 030460126 030460133 030460142 030460146 030460147 030460157 030460158 030460160 030460163
3049 030490010 030490013 030490029 030490040 030490055 030490062 030490063 030490071 030490076 030490078 030490095 030490126 030490127 030490130 030490138 030490140 030490142 030490166 030490168 030490170
3068 030680003 030680005 030680009 030680016 030680027 030680034 030680037 030680045 030680054 030680056 030680072 030680075 030680090 030680092 030680097 030680105 030680114 030680119 030680140 030680162
3083 030830001 030830004 030830013 030830021 030830030 030830033 030830043 030830069 030830074 030830093 030830094 030830102 030830116 030830118 030830124 030830129 030830135 030830147 030830154 030830169
3088 030880003 030880015 030880018 030880019 030880025 030880041 030880049 030880057 030880058 030880067 030880086 030880092 030880096 030880099 030880105 030880123 030880131 030880146 030880172 030880173
3208 032080019 032080038 032080043 032080056 032080058 032080071 032080078 032080079 032080083 032080088 032080092 032080093 032080099 032080103 032080110 032080119 032080132 032080145 032080150 032080161
3423 034230011 034230034 034230035 034230043 034230051 034230058 034230063 034230072 034230079 034230081 034230083 034230085 034230108 034230112 034230115 034230123 034230141 034230154 034230164 034230168
3636 036360016 036360027 036360029 036360032 036360033 036360034 036360044 036360055 036360061 036360062 036360071 036360106 036360111 036360114 036360142 036360151 036360154 036360160 036360167 036360174
3837 038370004 038370013 038370019 038370045 038370052 038370056 038370060 038370061 038370068 038370070 038370081 038370097 038370105 038370107 038370128 038370142 038370153 038370160 038370167 038370170
4005 040050015 040050041 040050060 040050071 040050094 040050107 040050110 040050125 040050142 040050180 040050183 040050203 040050205 040050255 040050264 040050271 040050281 040050295 040050306 040050358
5195 051950005 051950011 051950018 051950025 051950032 051950033 051950038 051950044 051950050 051950051 051950067 051950075 051950086 051950088 051950096 051950138 051950154 051950163 051950164 051950170
5218 052180017 052180027 052180028 052180037 052180041 052180042 052180046 052180068 052180084 052180090 052180093 052180098 052180104 052180112 052180117 052180124 052180137 052180143 052180146 052180160
5401 054010004 054010009 054010014 054010032 054010046 054010051 054010055 054010061 054010072 054010079 054010091 054010095 054010105 054010107 054010123 054010130 054010136 054010148 054010155 054010165
5408 054080004 054080008 054080011 054080019 054080021 054080033 054080035 054080042 054080065 054080081 054080109 054080123 054080138 054080150 054080151 054080154 054080163 054080165 054080167 054080174
5414 054140003 054140010 054140015 054140019 054140021 054140039 054140051 054140057 054140077 054140098 054140104 054140106 054140113 054140115 054140118 054140119 054140122 054140127 054140154 054140158
5418 054180014 054180015 054180021 054180022 054180029 054180033 054180059 054180063 054180075 054180076 054180077 054180079 054180087 054180091 054180096 054180111 054180123 054180126 054180130 054180174
5424 054240002 054240025 054240038 054240039 054240048 054240053 054240079 054240091 054240093 054240094 054240097 054240099 054240109 054240115 054240116 054240117 054240125 054240126 054240138 054240152
5551 055510024 055510029 055510046 055510061 055510067 055510070 055510078 055510079 055510084 055510088 055510093 055510096 055510100 055510110 055510122 055510130 055510143 055510156 055510164 055510165
6010 060100004 060100009 060100031 060100034 060100037 060100041 060100047 060100066 060100081 060100092 060100100 060100101 060100105 060100124 060100128 060100132 060100147 060100154 060100159 060100164
6048 060480005 060480008 060480012 060480018 060480037 060480050 060480082 060480084 060480090 060480094 060480102 060480104 060480131 060480134 060480135 060480145 060480147 060480148 060480168 060480169
6121 061210013 061210031 061210059 061210060 061210063 061210068 061210069 061210071 061210075 061210086 061210095 061210109 061210128 061210129 061210140 061210141 061210142 061210147 061210148 061210174
6401 064010049 064010056 064010057 064010066 064010067 064010086 064010092 064010093 064010103 064010107 064010109 064010120 064010123 064010135 064010141 064010150 064010161 064010164 064010172 064010173
6504 065040005 065040007 065040009 065040011 065040028 065040042 065040044 065040045 065040049 065040077 065040112 065040118 065040124 065040125 065040126 065040127 065040133 065040134 065040137 065040160
6912 069120003 069120014 069120020 069120025 069120052 069120059 069120061 069120072 069120083 069120087 069120092 069120093 069120094 069120106 069120121 069120123 069120140 069120151 069120165 069120170
7001 070010001 070010002 070010003 070010004 070010005 070010006 070010007 070010008 070010009 070010010 070010011 070010012 070010013 070010014 070010015 070010016 070010017 070010018 070010019 070010020
7551 075510004 075510010 075510017 075510036 075510038 075510041 075510057 075510076 075510086 075510090 075510091 075510099 075510129 075510131 075510137 075510142 075510144 075510163 075510165 075510167
8002 080020001 080020002 080020003 080020004 080020005 080020006 080020007 080020008 080020009 080020010 080020011 080020012 080020013 080020014 080020015 080020016 080020017 080020018 080020019 080020020
8057 080570004 080570009 080570013 080570014 080570031 080570053 080570067 080570071 080570072 080570080 080570081 080570087 080570089 080570102 080570127 080570138 080570143 080570144 080570146 080570157
8585 085850006 085850024 085850039 085850042 085850044 085850046 085850056 085850075 085850088 085850092 085850094 085850101 085850108 085850112 085850119 085850120 085850138 085850146 085850161 085850170
9034 090340002 090340007 090340021 090340032 090340039 090340041 090340043 090340054 090340071 090340085 090340088 090340090 090340108 090340114 090340126 090340131 090340155 090340158 090340164 090340168
9070 090700006 090700008 090700019 090700042 090700045 090700047 090700054 090700055 090700057 090700059 090700065 090700081 090700082 090700108 090700111 090700117 090700127 090700148 090700164 090700172
9556 095560005 095560008 095560010 095560017 095560031 095560037 095560051 095560054 095560069 095560080 095560083 095560108 095560115 095560129 095560133 095560150 095560153 095560163 095560164 095560170
9600 096000002 096000003 096000004 096000005 096000006 096000007 096000008 096000009 096000010 096000011 096000012 096000013 096000014 096000015 096000016 096000017 096000018 096000020 096000021 096000022
9604 096040001 096040002 096040004 096040005 096040006 096040007 096040008 096040009 096040010 096040011 096040012 096040014 096040015 096040016 096040018 096040019 096040021 096040023 096040024 096040025
9606 096060001 096060002 096060003 096060004 096060005 096060006 096060007 096060008 096060009 096060010 096060011 096060012 096060013 096060014 096060015 096060016 096060017 096060019 096060020 096060022
9607 096070002 096070003 096070005 096070006 096070007 096070008 096070011 096070012 096070013 096070014 096070015 096070016 096070017 096070018 096070019 096070020 096070021 096070022 096070023 096070024
9609 096090001 096090003 096090005 096090006 096090007 096090008 096090010 096090011 096090014 096090015 096090017 096090018 096090019 096090020 096090021 096090023 096090024 096090025 096090026 096090027
9611 096110001 096110002 096110003 096110004 096110005 096110006 096110008 096110009 096110011 096110012 096110013 096110014 096110015 096110016 096110017 096110018 096110019 096110021 096110022 096110023
9613 096130001 096130002 096130003 096130004 096130005 096130006 096130007 096130008 096130009 096130010 096130011 096130012 096130013 096130014 096130016 096130017 096130018 096130019 096130020 096130021
9614 096140002 096140003 096140004 096140005 096140006 096140007 096140008 096140009 096140010 096140011 096140012 096140014 096140015 096140016 096140017 096140018 096140019 096140020 096140021 096140022
9615 096150003 096150005 096150006 096150007 096150009 096150010 096150011 096150012 096150013 096150016 096150017 096150018 096150019 096150020 096150021 096150024 096150025 096150026 096150027 096150028
9616 096160001 096160002 096160003 096160004 096160005 096160006 096160007 096160008 096160009 096160010 096160011 096160012 096160013 096160014 096160015 096160016 096160017 096160018 096160019 096160020
9619 096190001 096190002 096190003 096190004 096190005 096190006 096190007 096190008 096190009 096190010 096190011 096190012 096190013 096190014 096190015 096190016 096190017 096190019 096190020 096190021
9624 096240001 096240002 096240003 096240004 096240005 096240006 096240007 096240008 096240009 096240010 096240011 096240012 096240013 096240014 096240015 096240016 096240017 096240019 096240020 096240021
9625 096250001 096250002 096250003 096250004 096250005 096250007 096250008 096250009 096250010 096250011 096250012 096250013 096250014 096250015 096250016 096250017 096250018 096250020 096250021 096250023
9628 096280011 096280012 096280013 096280014 096280015 096280016 096280017 096280018 096280019 096280020 096280021 096280022 096280023 096280024 096280025 096280026 096280027 096280028 096280029 096280030
9630 096300001 096300002 096300003 096300004 096300005 096300006 096300007 096300008 096300009 096300010 096300011 096300012 096300013 096300014 096300015 096300016 096300017 096300018 096300019 096300020
9634 096340004 096340005 096340006 096340007 096340008 096340009 096340010 096340011 096340012 096340013 096340014 096340015 096340016 096340017 096340018 096340019 096340020 096340021 096340022 096340023
9639 096390001 096390002 096390003 096390004 096390005 096390006 096390007 096390008 096390009 096390010 096390011 096390012 096390013 096390014 096390015 096390016 096390017 096390018 096390019 096390020
9643 096430002 096430003 096430004 096430005 096430006 096430007 096430008 096430009 096430010 096430011 096430012 096430013 096430014 096430015 096430016 096430017 096430018 096430019 096430020 096430021
9645 096450001 096450002 096450003 096450004 096450005 096450006 096450007 096450008 096450010 096450011 096450012 096450013 096450014 096450015 096450016 096450017 096450018 096450019 096450020 096450021
9646 096460002 096460003 096460004 096460005 096460006 096460007 096460008 096460009 096460010 096460011 096460012 096460013 096460014 096460015 096460016 096460017 096460018 096460019 096460020 096460021
9649 096490001 096490002 096490003 096490004 096490005 096490006 096490007 096490008 096490009 096490010 096490011 096490012 096490013 096490014 096490015 096490016 096490017 096490018 096490019 096490020
