1027	37
1029	31
1033	30
1042	7
1044	7
1064	26
1197	7
1203	7
1260	25
1309	31
1336	24
1362	21
1372	21
1407	24
1418	7
1419	7
1435	7
1439	6
1447	7
2022	20
2034	8
2036	21
2059	21
2061	20
2089	20
2129	20
2168	20
2170	22
2179	9
2208	20
2236	22
2242	20
2244	20
2251	21
2282	21
2380	21
2402	21
2427	22
2430	22
2450	19
2621	19
2799	20
2981	21
3002	9
3020	9
3021	9
3023	19
3046	9
3049	9
3068	9
3083	10
3088	9
3208	9
3423	9
3636	9
3837	12
4005	20
5195	10
5218	12
5401	11
5408	11
5414	11
5418	11
5424	11
5551	11
6010	12
6048	12
6121	11
6401	12
6504	12
6912	12
7001	26
7551	13
8057	13
8585	15
9034	15
9070	15
9556	15
9600	28
9604	21
9606	21
9607	21
9609	27
9611	30
9613	33
9614	28
9615	21
9616	28
9619	24
9624	29
9625	25
9628	26
9630	33
9634	32
9639	22
9643	25
9645	20
9646	21
9649	20
1092	8
8002	23
0001	6
0005	6
0006	6
0026	6
0036	21
0048	6
0053	6
0054	6
0056	6
0070	6
0075	6
0103	6
0104	6
0131	7
0135	20
0145	7
0482	28
0560	23
0575	19
0594	21
0739	20
0813	20
0960	28
1012	29
